startAt: 0
false
false
false
false
false
false
false
false
false
false
[0mPOST /start [32m200 [0m1.142 ms - 36[0m
Turn= 0
Head -- X: 1 Y: 14
0
(7,4) (2,1) (2,4) (1,13) (8,4) (0,9) (13,4) (7,3) (2,0) (7,14)
startAt: 10
(0,9) (1,13) (2,0) (2,1) (2,4) (7,3) (7,4) (7,14) (8,4) (13,4)

[0mPOST /move [32m200 [0m1.285 ms - 16[0m
Turn= 1
Head -- X: 2 Y: 14
0
(7,4) (2,1) (2,4) (1,13) (8,4) (0,9) (13,4) (7,3) (2,0) (7,14)
startAt: 10
(0,9) (1,13) (2,0) (2,1) (2,4) (7,3) (7,4) (7,14) (8,4) (13,4)

[0mPOST /move [32m200 [0m0.808 ms - 16[0m
Turn= 2
Head -- X: 3 Y: 14
0
(7,4) (2,1) (2,4) (1,13) (8,4) (0,9) (13,4) (7,3) (2,0) (7,14)
startAt: 10
(0,9) (1,13) (2,0) (2,1) (2,4) (7,3) (7,4) (7,14) (8,4) (13,4)

[0mPOST /move [32m200 [0m0.979 ms - 13[0m
Turn= 3
Head -- X: 3 Y: 13
0
(7,4) (2,1) (2,4) (1,13) (8,4) (0,9) (13,4) (7,3) (2,0) (7,14)
startAt: 10
(0,9) (1,13) (2,0) (2,1) (2,4) (7,3) (7,4) (7,14) (8,4) (13,4)

[0mPOST /move [32m200 [0m0.890 ms - 16[0m
Turn= 4
Head -- X: 4 Y: 13
0
(7,4) (2,1) (2,4) (1,13) (8,4) (0,9) (13,4) (7,3) (2,0) (7,14)
startAt: 10
(0,9) (1,13) (2,0) (2,1) (2,4) (7,3) (7,4) (7,14) (8,4) (13,4)

[0mPOST /move [32m200 [0m0.827 ms - 13[0m
Turn= 5
Head -- X: 4 Y: 12
0
(7,4) (2,1) (2,4) (1,13) (8,4) (0,9) (13,4) (7,3) (2,0) (7,14)
startAt: 10
(0,9) (1,13) (2,0) (2,1) (2,4) (7,3) (7,4) (7,14) (8,4) (13,4)

[0mPOST /move [32m200 [0m0.927 ms - 15[0m
Turn= 6
Head -- X: 3 Y: 12
0
(7,4) (2,1) (2,4) (1,13) (8,4) (0,9) (13,4) (7,3) (2,0) (7,14)
startAt: 10
(0,9) (1,13) (2,0) (2,1) (2,4) (7,3) (7,4) (7,14) (8,4) (13,4)

[0mPOST /move [32m200 [0m0.894 ms - 13[0m
Turn= 7
Head -- X: 3 Y: 11
0
(7,4) (2,1) (2,4) (1,13) (8,4) (0,9) (13,4) (7,3) (2,0) (7,14)
startAt: 10
(0,9) (1,13) (2,0) (2,1) (2,4) (7,3) (7,4) (7,14) (8,4) (13,4)

[0mPOST /move [32m200 [0m1.219 ms - 13[0m
Turn= 8
Head -- X: 3 Y: 10
0
(7,4) (2,1) (2,4) (1,13) (8,4) (0,9) (13,4) (7,3) (2,0) (7,14)
startAt: 10
(0,9) (1,13) (2,0) (2,1) (2,4) (7,3) (7,4) (7,14) (8,4) (13,4)

[0mPOST /move [32m200 [0m0.841 ms - 16[0m
Turn= 9
Head -- X: 4 Y: 10
0
(7,4) (2,1) (2,4) (1,13) (8,4) (0,9) (13,4) (7,3) (2,0) (7,14) (14,4)
startAt: 10
false
(0,9) (1,13) (2,0) (2,1) (2,4) (7,3) (7,4) (7,14) (8,4) (13,4) (14,4)

[0mPOST /move [32m200 [0m0.725 ms - 13[0m
Turn= 10
Head -- X: 4 Y: 9
0
(7,4) (2,1) (2,4) (1,13) (8,4) (0,9) (13,4) (7,3) (2,0) (7,14) (14,4)
startAt: 11
(0,9) (1,13) (2,0) (2,1) (2,4) (7,3) (7,4) (7,14) (8,4) (13,4) (14,4)

[0mPOST /move [32m200 [0m0.849 ms - 13[0m
Turn= 11
Head -- X: 4 Y: 8
0
(7,4) (2,1) (2,4) (1,13) (8,4) (0,9) (13,4) (7,3) (2,0) (7,14) (14,4)
startAt: 11
(0,9) (1,13) (2,0) (2,1) (2,4) (7,3) (7,4) (7,14) (8,4) (13,4) (14,4)

[0mPOST /move [32m200 [0m0.830 ms - 16[0m
Turn= 12
Head -- X: 5 Y: 8
0
(7,4) (2,1) (2,4) (1,13) (8,4) (0,9) (13,4) (7,3) (2,0) (7,14) (14,4)
startAt: 11
(0,9) (1,13) (2,0) (2,1) (2,4) (7,3) (7,4) (7,14) (8,4) (13,4) (14,4)

[0mPOST /move [32m200 [0m0.826 ms - 16[0m
Turn= 13
Head -- X: 6 Y: 8
0
(7,4) (2,1) (2,4) (1,13) (8,4) (0,9) (13,4) (7,3) (2,0) (7,14) (14,4)
startAt: 11
(0,9) (1,13) (2,0) (2,1) (2,4) (7,3) (7,4) (7,14) (8,4) (13,4) (14,4)

[0mPOST /move [32m200 [0m1.293 ms - 15[0m
Turn= 14
Head -- X: 6 Y: 9
0
(7,4) (2,1) (2,4) (1,13) (8,4) (0,9) (13,4) (7,3) (2,0) (7,14) (14,4)
startAt: 11
(0,9) (1,13) (2,0) (2,1) (2,4) (7,3) (7,4) (7,14) (8,4) (13,4) (14,4)

[0mPOST /move [32m200 [0m0.926 ms - 15[0m
Turn= 15
Head -- X: 6 Y: 10
0
(7,4) (2,1) (2,4) (1,13) (8,4) (0,9) (13,4) (7,3) (2,0) (7,14) (14,4)
startAt: 11
(0,9) (1,13) (2,0) (2,1) (2,4) (7,3) (7,4) (7,14) (8,4) (13,4) (14,4)

[0mPOST /move [32m200 [0m0.839 ms - 16[0m
Turn= 16
Head -- X: 7 Y: 10
0
(7,4) (2,1) (2,4) (1,13) (8,4) (0,9) (13,4) (7,3) (2,0) (7,14) (14,4)
startAt: 11
(0,9) (1,13) (2,0) (2,1) (2,4) (7,3) (7,4) (7,14) (8,4) (13,4) (14,4)

[0mPOST /move [32m200 [0m1.779 ms - 15[0m
Turn= 17
Head -- X: 7 Y: 11
0
(7,4) (2,1) (2,4) (1,13) (8,4) (0,9) (13,4) (7,3) (2,0) (7,14) (14,4)
startAt: 11
(0,9) (1,13) (2,0) (2,1) (2,4) (7,3) (7,4) (7,14) (8,4) (13,4) (14,4)

[0mPOST /move [32m200 [0m1.035 ms - 15[0m
Turn= 18
Head -- X: 7 Y: 12
0
(7,4) (2,1) (2,4) (1,13) (8,4) (0,9) (13,4) (7,3) (2,0) (7,14) (14,4)
startAt: 11
(0,9) (1,13) (2,0) (2,1) (2,4) (7,3) (7,4) (7,14) (8,4) (13,4) (14,4)

[0mPOST /move [32m200 [0m1.201 ms - 15[0m
Turn= 19
Head -- X: 7 Y: 13
1
(7,4) (2,1) (2,4) (1,13) (8,4) (0,9) (13,4) (7,3) (2,0) (7,14) (8,2)
startAt: 10
false
(0,9) (1,13) (2,0) (2,1) (2,4) (7,3) (7,4) (7,14) (8,2) (8,4) (13,4)

[0mPOST /move [32m200 [0m0.781 ms - 15[0m
Turn= 20
Head -- X: 6 Y: 13
0
(7,4) (2,1) (2,4) (1,13) (8,4) (0,9) (13,4) (7,3) (2,0) (7,14) (8,2)
startAt: 11
(0,9) (1,13) (2,0) (2,1) (2,4) (7,3) (7,4) (7,14) (8,2) (8,4) (13,4)

[0mPOST /move [32m200 [0m0.667 ms - 15[0m
Turn= 21
Head -- X: 5 Y: 13
0
(7,4) (2,1) (2,4) (1,13) (8,4) (0,9) (13,4) (7,3) (2,0) (7,14) (8,2)
startAt: 11
(0,9) (1,13) (2,0) (2,1) (2,4) (7,3) (7,4) (7,14) (8,2) (8,4) (13,4)

[0mPOST /move [32m200 [0m0.889 ms - 15[0m
Turn= 22
Head -- X: 5 Y: 14
0
(7,4) (2,1) (2,4) (1,13) (8,4) (0,9) (13,4) (7,3) (2,0) (7,14) (8,2)
startAt: 11
(0,9) (1,13) (2,0) (2,1) (2,4) (7,3) (7,4) (7,14) (8,2) (8,4) (13,4)

[0mPOST /move [32m200 [0m0.684 ms - 16[0m
Turn= 23
Head -- X: 6 Y: 14
0
(7,4) (2,1) (2,4) (1,13) (8,4) (0,9) (13,4) (7,3) (2,0) (7,14) (8,2)
startAt: 11
(0,9) (1,13) (2,0) (2,1) (2,4) (7,3) (7,4) (7,14) (8,2) (8,4) (13,4)

[0mPOST /move [32m200 [0m0.994 ms - 16[0m
Turn= 24
Head -- X: 7 Y: 14
1
(7,4) (2,1) (2,4) (1,13) (8,4) (0,9) (13,4) (7,3) (2,0) (8,2)
startAt: 10
(0,9) (1,13) (2,0) (2,1) (2,4) (7,3) (7,4) (8,2) (8,4) (13,4)

[0mPOST /move [32m200 [0m1.206 ms - 13[0m
Turn= 25
Head -- X: 7 Y: 13
0
(7,4) (2,1) (2,4) (1,13) (8,4) (0,9) (13,4) (7,3) (2,0) (8,2)
startAt: 10
(0,9) (1,13) (2,0) (2,1) (2,4) (7,3) (7,4) (8,2) (8,4) (13,4)

[0mPOST /move [32m200 [0m0.920 ms - 13[0m
Turn= 26
Head -- X: 7 Y: 12
0
(7,4) (2,1) (2,4) (1,13) (8,4) (0,9) (13,4) (7,3) (2,0) (8,2)
startAt: 10
(0,9) (1,13) (2,0) (2,1) (2,4) (7,3) (7,4) (8,2) (8,4) (13,4)

[0mPOST /move [32m200 [0m0.876 ms - 16[0m
Turn= 27
Head -- X: 8 Y: 12
0
(7,4) (2,1) (2,4) (1,13) (8,4) (0,9) (13,4) (7,3) (2,0) (8,2)
startAt: 10
(0,9) (1,13) (2,0) (2,1) (2,4) (7,3) (7,4) (8,2) (8,4) (13,4)

[0mPOST /move [32m200 [0m0.737 ms - 15[0m
Turn= 28
Head -- X: 8 Y: 13
0
(7,4) (2,1) (2,4) (1,13) (8,4) (0,9) (13,4) (7,3) (2,0) (8,2)
startAt: 10
(0,9) (1,13) (2,0) (2,1) (2,4) (7,3) (7,4) (8,2) (8,4) (13,4)

[0mPOST /move [32m200 [0m0.802 ms - 15[0m
Turn= 29
Head -- X: 7 Y: 13
0
(7,4) (2,1) (2,4) (1,13) (8,4) (0,9) (13,4) (7,3) (2,0) (8,2) (5,12)
startAt: 10
false
(0,9) (1,13) (2,0) (2,1) (2,4) (5,12) (7,3) (7,4) (8,2) (8,4) (13,4)

[0mPOST /move [32m200 [0m0.881 ms - 15[0m
Turn= 30
Head -- X: 7 Y: 14
0
(7,4) (2,1) (2,4) (1,13) (8,4) (0,9) (13,4) (7,3) (2,0) (8,2) (5,12)
startAt: 11
(0,9) (1,13) (2,0) (2,1) (2,4) (5,12) (7,3) (7,4) (8,2) (8,4) (13,4)

[0mPOST /move [32m200 [0m0.781 ms - 15[0m
Turn= 31
Head -- X: 6 Y: 14
0
(7,4) (2,1) (2,4) (1,13) (8,4) (0,9) (13,4) (7,3) (2,0) (8,2) (5,12)
startAt: 11
(0,9) (1,13) (2,0) (2,1) (2,4) (5,12) (7,3) (7,4) (8,2) (8,4) (13,4)

[0mPOST /move [32m200 [0m0.785 ms - 13[0m
Turn= 32
Head -- X: 6 Y: 13
0
(7,4) (2,1) (2,4) (1,13) (8,4) (0,9) (13,4) (7,3) (2,0) (8,2) (5,12)
startAt: 11
(0,9) (1,13) (2,0) (2,1) (2,4) (5,12) (7,3) (7,4) (8,2) (8,4) (13,4)

[0mPOST /move [32m200 [0m1.193 ms - 16[0m
Turn= 33
Head -- X: 7 Y: 13
0
(7,4) (2,1) (2,4) (1,13) (8,4) (0,9) (13,4) (7,3) (2,0) (8,2) (5,12)
startAt: 11
(0,9) (1,13) (2,0) (2,1) (2,4) (5,12) (7,3) (7,4) (8,2) (8,4) (13,4)

[0mPOST /move [32m200 [0m0.763 ms - 16[0m
Turn= 34
Head -- X: 8 Y: 13
0
(7,4) (2,1) (2,4) (1,13) (8,4) (0,9) (13,4) (7,3) (2,0) (8,2) (5,12)
startAt: 11
(0,9) (1,13) (2,0) (2,1) (2,4) (5,12) (7,3) (7,4) (8,2) (8,4) (13,4)

[0mPOST /move [32m200 [0m1.491 ms - 13[0m
Turn= 35
Head -- X: 8 Y: 12
0
(7,4) (2,1) (2,4) (1,13) (8,4) (0,9) (13,4) (7,3) (2,0) (8,2) (5,12)
startAt: 11
(0,9) (1,13) (2,0) (2,1) (2,4) (5,12) (7,3) (7,4) (8,2) (8,4) (13,4)

[0mPOST /move [32m200 [0m0.751 ms - 16[0m
Turn= 36
Head -- X: 9 Y: 12
0
(7,4) (2,1) (2,4) (1,13) (8,4) (0,9) (13,4) (7,3) (2,0) (8,2) (5,12)
startAt: 11
(0,9) (1,13) (2,0) (2,1) (2,4) (5,12) (7,3) (7,4) (8,2) (8,4) (13,4)

[0mPOST /move [32m200 [0m0.919 ms - 16[0m
Turn= 37
Head -- X: 10 Y: 12
0
(7,4) (2,1) (2,4) (1,13) (8,4) (0,9) (13,4) (7,3) (2,0) (8,2) (5,12)
startAt: 11
(0,9) (1,13) (2,0) (2,1) (2,4) (5,12) (7,3) (7,4) (8,2) (8,4) (13,4)

[0mPOST /move [32m200 [0m0.771 ms - 15[0m
Turn= 38
Head -- X: 10 Y: 13
0
(7,4) (2,1) (2,4) (1,13) (8,4) (0,9) (13,4) (7,3) (2,0) (8,2) (5,12) (9,0)
startAt: 11
false
(0,9) (1,13) (2,0) (2,1) (2,4) (5,12) (7,3) (7,4) (8,2) (8,4) (9,0) (13,4)

[0mPOST /move [32m200 [0m0.813 ms - 15[0m
Turn= 39
Head -- X: 9 Y: 13
0
(7,4) (2,1) (2,4) (1,13) (8,4) (0,9) (13,4) (7,3) (2,0) (8,2) (5,12) (9,0)
startAt: 12
(0,9) (1,13) (2,0) (2,1) (2,4) (5,12) (7,3) (7,4) (8,2) (8,4) (9,0) (13,4)

[0mPOST /move [32m200 [0m0.735 ms - 15[0m
Turn= 40
Head -- X: 9 Y: 14
0
(7,4) (2,1) (2,4) (1,13) (8,4) (0,9) (13,4) (7,3) (2,0) (8,2) (5,12) (9,0)
startAt: 12
(0,9) (1,13) (2,0) (2,1) (2,4) (5,12) (7,3) (7,4) (8,2) (8,4) (9,0) (13,4)

[0mPOST /move [32m200 [0m0.795 ms - 15[0m
Turn= 41
Head -- X: 8 Y: 14
0
(7,4) (2,1) (2,4) (1,13) (8,4) (0,9) (13,4) (7,3) (2,0) (8,2) (5,12) (9,0)
startAt: 12
(0,9) (1,13) (2,0) (2,1) (2,4) (5,12) (7,3) (7,4) (8,2) (8,4) (9,0) (13,4)

[0mPOST /move [32m200 [0m0.791 ms - 15[0m
Turn= 42
Head -- X: 7 Y: 14
0
(7,4) (2,1) (2,4) (1,13) (8,4) (0,9) (13,4) (7,3) (2,0) (8,2) (5,12) (9,0)
startAt: 12
(0,9) (1,13) (2,0) (2,1) (2,4) (5,12) (7,3) (7,4) (8,2) (8,4) (9,0) (13,4)

[0mPOST /move [32m200 [0m1.764 ms - 13[0m
Turn= 43
Head -- X: 7 Y: 13
0
(7,4) (2,1) (2,4) (1,13) (8,4) (0,9) (13,4) (7,3) (2,0) (8,2) (5,12) (9,0)
startAt: 12
(0,9) (1,13) (2,0) (2,1) (2,4) (5,12) (7,3) (7,4) (8,2) (8,4) (9,0) (13,4)

[0mPOST /move [32m200 [0m0.641 ms - 15[0m
Turn= 44
Head -- X: 6 Y: 13
0
(7,4) (2,1) (2,4) (1,13) (8,4) (0,9) (13,4) (7,3) (2,0) (8,2) (5,12) (9,0)
startAt: 12
(0,9) (1,13) (2,0) (2,1) (2,4) (5,12) (7,3) (7,4) (8,2) (8,4) (9,0) (13,4)

[0mPOST /move [32m200 [0m0.764 ms - 15[0m
Turn= 45
Head -- X: 5 Y: 13
0
(7,4) (2,1) (2,4) (1,13) (8,4) (0,9) (13,4) (7,3) (2,0) (8,2) (5,12) (9,0)
startAt: 12
(0,9) (1,13) (2,0) (2,1) (2,4) (5,12) (7,3) (7,4) (8,2) (8,4) (9,0) (13,4)

[0mPOST /move [32m200 [0m0.714 ms - 13[0m
Turn= 46
Head -- X: 5 Y: 12
1
(7,4) (2,1) (2,4) (1,13) (8,4) (0,9) (13,4) (7,3) (2,0) (8,2) (9,0)
startAt: 11
(0,9) (1,13) (2,0) (2,1) (2,4) (7,3) (7,4) (8,2) (8,4) (9,0) (13,4)

[0mPOST /move [32m200 [0m0.982 ms - 16[0m
Turn= 47
Head -- X: 6 Y: 12
0
(7,4) (2,1) (2,4) (1,13) (8,4) (0,9) (13,4) (7,3) (2,0) (8,2) (9,0)
startAt: 11
(0,9) (1,13) (2,0) (2,1) (2,4) (7,3) (7,4) (8,2) (8,4) (9,0) (13,4)

[0mPOST /move [32m200 [0m0.805 ms - 13[0m
Turn= 48
Head -- X: 6 Y: 11
0
(7,4) (2,1) (2,4) (1,13) (8,4) (0,9) (13,4) (7,3) (2,0) (8,2) (9,0) (12,14)
startAt: 11
false
(0,9) (1,13) (2,0) (2,1) (2,4) (7,3) (7,4) (8,2) (8,4) (9,0) (12,14) (13,4)

[0mPOST /move [32m200 [0m1.705 ms - 15[0m
Turn= 49
Head -- X: 5 Y: 11
0
(7,4) (2,1) (2,4) (1,13) (8,4) (0,9) (13,4) (7,3) (2,0) (8,2) (9,0) (12,14)
startAt: 12
(0,9) (1,13) (2,0) (2,1) (2,4) (7,3) (7,4) (8,2) (8,4) (9,0) (12,14) (13,4)

[0mPOST /move [32m200 [0m0.779 ms - 13[0m
Turn= 50
Head -- X: 5 Y: 10
0
(7,4) (2,1) (2,4) (1,13) (8,4) (0,9) (13,4) (7,3) (2,0) (8,2) (9,0) (12,14)
startAt: 12
(0,9) (1,13) (2,0) (2,1) (2,4) (7,3) (7,4) (8,2) (8,4) (9,0) (12,14) (13,4)

[0mPOST /move [32m200 [0m0.817 ms - 15[0m
Turn= 51
Head -- X: 4 Y: 10
0
(7,4) (2,1) (2,4) (1,13) (8,4) (0,9) (13,4) (7,3) (2,0) (8,2) (9,0) (12,14)
startAt: 12
(0,9) (1,13) (2,0) (2,1) (2,4) (7,3) (7,4) (8,2) (8,4) (9,0) (12,14) (13,4)

[0mPOST /move [32m200 [0m0.744 ms - 15[0m
Turn= 52
Head -- X: 3 Y: 10
0
(7,4) (2,1) (2,4) (1,13) (8,4) (0,9) (13,4) (7,3) (2,0) (8,2) (9,0) (12,14)
startAt: 12
(0,9) (1,13) (2,0) (2,1) (2,4) (7,3) (7,4) (8,2) (8,4) (9,0) (12,14) (13,4)

[0mPOST /move [32m200 [0m0.665 ms - 15[0m
Turn= 53
Head -- X: 3 Y: 11
0
(7,4) (2,1) (2,4) (1,13) (8,4) (0,9) (13,4) (7,3) (2,0) (8,2) (9,0) (12,14)
startAt: 12
(0,9) (1,13) (2,0) (2,1) (2,4) (7,3) (7,4) (8,2) (8,4) (9,0) (12,14) (13,4)

[0mPOST /move [32m200 [0m1.712 ms - 16[0m
Turn= 54
Head -- X: 4 Y: 11
0
(7,4) (2,1) (2,4) (1,13) (8,4) (0,9) (13,4) (7,3) (2,0) (8,2) (9,0) (12,14)
startAt: 12
(0,9) (1,13) (2,0) (2,1) (2,4) (7,3) (7,4) (8,2) (8,4) (9,0) (12,14) (13,4)

[0mPOST /move [32m200 [0m0.736 ms - 16[0m
Turn= 55
Head -- X: 5 Y: 11
0
(7,4) (2,1) (2,4) (1,13) (8,4) (0,9) (13,4) (7,3) (2,0) (8,2) (9,0) (12,14)
startAt: 12
(0,9) (1,13) (2,0) (2,1) (2,4) (7,3) (7,4) (8,2) (8,4) (9,0) (12,14) (13,4)

[0mPOST /move [32m200 [0m0.811 ms - 16[0m
[0mPOST /end [32m200 [0m0.449 ms - 2[0m
startAt: 0
false
false
false
false
false
[0mPOST /start [32m200 [0m2.345 ms - 36[0m
Turn= 0
Head -- X: 7 Y: 1
0
(4,10) (1,10) (8,3) (0,7) (7,7)
startAt: 5
(0,7) (1,10) (4,10) (7,7) (8,3)

[0mPOST /move [32m200 [0m0.699 ms - 15[0m
Turn= 1
Head -- X: 7 Y: 2
0
(4,10) (1,10) (8,3) (0,7) (7,7)
startAt: 5
(0,7) (1,10) (4,10) (7,7) (8,3)

[0mPOST /move [32m200 [0m0.518 ms - 15[0m
Turn= 2
Head -- X: 7 Y: 3
0
(4,10) (1,10) (8,3) (0,7) (7,7)
startAt: 5
(0,7) (1,10) (4,10) (7,7) (8,3)

[0mPOST /move [32m200 [0m0.488 ms - 16[0m
Turn= 3
Head -- X: 8 Y: 3
1
(4,10) (1,10) (0,7) (7,7)
startAt: 4
(0,7) (1,10) (4,10) (7,7)

[0mPOST /move [32m200 [0m0.693 ms - 13[0m
Turn= 4
Head -- X: 8 Y: 2
0
(4,10) (1,10) (0,7) (7,7)
startAt: 4
(0,7) (1,10) (4,10) (7,7)

[0mPOST /move [32m200 [0m0.970 ms - 15[0m
Turn= 5
Head -- X: 7 Y: 2
0
(4,10) (1,10) (0,7) (7,7)
startAt: 4
(0,7) (1,10) (4,10) (7,7)

[0mPOST /move [32m200 [0m0.974 ms - 13[0m
Turn= 6
Head -- X: 7 Y: 1
0
(4,10) (1,10) (0,7) (7,7)
startAt: 4
(0,7) (1,10) (4,10) (7,7)

[0mPOST /move [32m200 [0m0.683 ms - 15[0m
Turn= 7
Head -- X: 6 Y: 1
0
(4,10) (1,10) (0,7) (7,7)
startAt: 4
(0,7) (1,10) (4,10) (7,7)

[0mPOST /move [32m200 [0m0.749 ms - 13[0m
Turn= 8
Head -- X: 6 Y: 0
0
(4,10) (1,10) (0,7) (7,7)
startAt: 4
(0,7) (1,10) (4,10) (7,7)

[0mPOST /move [32m200 [0m0.770 ms - 15[0m
Turn= 9
Head -- X: 5 Y: 0
0
(4,10) (1,10) (0,7) (7,7) (9,4)
startAt: 4
false
(0,7) (1,10) (4,10) (7,7) (9,4)

[0mPOST /move [32m200 [0m0.822 ms - 15[0m
Turn= 10
Head -- X: 5 Y: 1
0
(4,10) (1,10) (0,7) (7,7) (9,4)
startAt: 5
(0,7) (1,10) (4,10) (7,7) (9,4)

[0mPOST /move [32m200 [0m0.721 ms - 15[0m
Turn= 11
Head -- X: 4 Y: 1
0
(4,10) (1,10) (0,7) (7,7) (9,4)
startAt: 5
(0,7) (1,10) (4,10) (7,7) (9,4)

[0mPOST /move [32m200 [0m0.629 ms - 13[0m
Turn= 12
Head -- X: 4 Y: 0
0
(4,10) (1,10) (0,7) (7,7) (9,4)
startAt: 5
(0,7) (1,10) (4,10) (7,7) (9,4)

[0mPOST /move [32m200 [0m0.741 ms - 16[0m
Turn= 13
Head -- X: 5 Y: 0
0
(4,10) (1,10) (0,7) (7,7) (9,4)
startAt: 5
(0,7) (1,10) (4,10) (7,7) (9,4)

[0mPOST /move [32m200 [0m0.719 ms - 16[0m
Turn= 14
Head -- X: 6 Y: 0
0
(4,10) (1,10) (0,7) (7,7) (9,4)
startAt: 5
(0,7) (1,10) (4,10) (7,7) (9,4)

[0mPOST /move [32m200 [0m0.802 ms - 15[0m
Turn= 15
Head -- X: 6 Y: 1
0
(4,10) (1,10) (0,7) (7,7) (9,4)
startAt: 5
(0,7) (1,10) (4,10) (7,7) (9,4)

[0mPOST /move [32m200 [0m0.770 ms - 15[0m
Turn= 16
Head -- X: 6 Y: 2
0
(4,10) (1,10) (0,7) (7,7) (9,4)
startAt: 5
(0,7) (1,10) (4,10) (7,7) (9,4)

[0mPOST /move [32m200 [0m1.364 ms - 15[0m
Turn= 17
Head -- X: 6 Y: 3
1
(4,10) (1,10) (0,7) (7,7)
startAt: 4
(0,7) (1,10) (4,10) (7,7)

[0mPOST /move [32m200 [0m0.638 ms - 16[0m
Turn= 18
Head -- X: 7 Y: 3
0
(4,10) (1,10) (0,7) (7,7) (12,12)
startAt: 4
false
(0,7) (1,10) (4,10) (7,7) (12,12)

[0mPOST /move [32m200 [0m0.922 ms - 16[0m
Turn= 19
Head -- X: 8 Y: 3
0
(4,10) (1,10) (0,7) (7,7) (12,12)
startAt: 5
(0,7) (1,10) (4,10) (7,7) (12,12)

[0mPOST /move [32m200 [0m0.898 ms - 15[0m
Turn= 20
Head -- X: 8 Y: 4
0
(4,10) (1,10) (0,7) (7,7) (12,12)
startAt: 5
(0,7) (1,10) (4,10) (7,7) (12,12)

[0mPOST /move [32m200 [0m0.831 ms - 16[0m
Turn= 21
Head -- X: 9 Y: 4
0
(4,10) (1,10) (0,7) (7,7) (12,12)
startAt: 5
(0,7) (1,10) (4,10) (7,7) (12,12)

[0mPOST /move [32m200 [0m0.925 ms - 16[0m
Turn= 22
Head -- X: 10 Y: 4
0
(4,10) (1,10) (0,7) (7,7) (12,12)
startAt: 5
(0,7) (1,10) (4,10) (7,7) (12,12)

[0mPOST /move [32m200 [0m0.750 ms - 16[0m
Turn= 23
Head -- X: 11 Y: 4
0
(4,10) (1,10) (0,7) (7,7) (12,12)
startAt: 5
(0,7) (1,10) (4,10) (7,7) (12,12)

[0mPOST /move [32m200 [0m0.965 ms - 16[0m
Turn= 24
Head -- X: 12 Y: 4
0
(4,10) (1,10) (0,7) (7,7) (12,12)
startAt: 5
(0,7) (1,10) (4,10) (7,7) (12,12)

[0mPOST /move [32m200 [0m0.920 ms - 15[0m
Turn= 25
Head -- X: 12 Y: 5
0
(4,10) (1,10) (0,7) (7,7) (12,12)
startAt: 5
(0,7) (1,10) (4,10) (7,7) (12,12)

[0mPOST /move [32m200 [0m0.755 ms - 15[0m
Turn= 26
Head -- X: 12 Y: 6
0
(4,10) (1,10) (0,7) (7,7) (12,12)
startAt: 5
(0,7) (1,10) (4,10) (7,7) (12,12)

[0mPOST /move [32m200 [0m0.786 ms - 15[0m
Turn= 27
Head -- X: 11 Y: 6
0
(4,10) (1,10) (0,7) (7,7) (12,12)
startAt: 5
(0,7) (1,10) (4,10) (7,7) (12,12)

[0mPOST /move [32m200 [0m0.887 ms - 15[0m
Turn= 28
Head -- X: 11 Y: 7
0
(4,10) (1,10) (0,7) (7,7) (12,12)
startAt: 5
(0,7) (1,10) (4,10) (7,7) (12,12)

[0mPOST /move [32m200 [0m0.712 ms - 15[0m
Turn= 29
Head -- X: 11 Y: 8
0
(4,10) (1,10) (0,7) (7,7) (12,12) (14,4)
startAt: 5
false
(0,7) (1,10) (4,10) (7,7) (12,12) (14,4)

[0mPOST /move [32m200 [0m0.984 ms - 15[0m
Turn= 30
Head -- X: 10 Y: 8
0
(4,10) (1,10) (0,7) (7,7) (12,12) (14,4)
startAt: 6
(0,7) (1,10) (4,10) (7,7) (12,12) (14,4)

[0mPOST /move [32m200 [0m1.780 ms - 13[0m
Turn= 31
Head -- X: 10 Y: 7
0
(4,10) (1,10) (0,7) (7,7) (12,12) (14,4)
startAt: 6
(0,7) (1,10) (4,10) (7,7) (12,12) (14,4)

[0mPOST /move [32m200 [0m1.088 ms - 15[0m
Turn= 32
Head -- X: 9 Y: 7
0
(4,10) (1,10) (0,7) (7,7) (12,12) (14,4)
startAt: 6
(0,7) (1,10) (4,10) (7,7) (12,12) (14,4)

[0mPOST /move [32m200 [0m0.626 ms - 15[0m
Turn= 33
Head -- X: 8 Y: 7
0
(4,10) (1,10) (0,7) (7,7) (12,12) (14,4)
startAt: 6
(0,7) (1,10) (4,10) (7,7) (12,12) (14,4)

[0mPOST /move [32m200 [0m0.689 ms - 15[0m
Turn= 34
Head -- X: 8 Y: 8
0
(4,10) (1,10) (0,7) (7,7) (12,12) (14,4)
startAt: 6
(0,7) (1,10) (4,10) (7,7) (12,12) (14,4)

[0mPOST /move [32m200 [0m0.888 ms - 16[0m
Turn= 35
Head -- X: 9 Y: 8
0
(4,10) (1,10) (0,7) (7,7) (12,12) (14,4)
startAt: 6
(0,7) (1,10) (4,10) (7,7) (12,12) (14,4)

[0mPOST /move [32m200 [0m0.790 ms - 16[0m
Turn= 36
Head -- X: 10 Y: 8
0
(4,10) (1,10) (0,7) (7,7) (12,12) (14,4)
startAt: 6
(0,7) (1,10) (4,10) (7,7) (12,12) (14,4)

[0mPOST /move [32m200 [0m2.011 ms - 16[0m
Turn= 37
Head -- X: 11 Y: 8
0
(4,10) (1,10) (0,7) (7,7) (12,12) (14,4)
startAt: 6
(0,7) (1,10) (4,10) (7,7) (12,12) (14,4)

[0mPOST /move [32m200 [0m0.868 ms - 16[0m
Turn= 38
Head -- X: 12 Y: 8
0
(4,10) (1,10) (0,7) (7,7) (12,12) (14,4) (8,13)
startAt: 6
false
(0,7) (1,10) (4,10) (7,7) (8,13) (12,12) (14,4)

[0mPOST /move [32m200 [0m0.693 ms - 15[0m
Turn= 39
Head -- X: 12 Y: 9
0
(4,10) (1,10) (0,7) (7,7) (12,12) (14,4) (8,13)
startAt: 7
(0,7) (1,10) (4,10) (7,7) (8,13) (12,12) (14,4)

[0mPOST /move [32m200 [0m0.830 ms - 15[0m
Turn= 40
Head -- X: 11 Y: 9
0
(4,10) (1,10) (0,7) (7,7) (12,12) (14,4) (8,13)
startAt: 7
(0,7) (1,10) (4,10) (7,7) (8,13) (12,12) (14,4)

[0mPOST /move [32m200 [0m0.652 ms - 13[0m
Turn= 41
Head -- X: 11 Y: 8
0
(4,10) (1,10) (0,7) (7,7) (12,12) (14,4) (8,13)
startAt: 7
(0,7) (1,10) (4,10) (7,7) (8,13) (12,12) (14,4)

[0mPOST /move [32m200 [0m0.740 ms - 13[0m
Turn= 42
Head -- X: 11 Y: 7
0
(4,10) (1,10) (0,7) (7,7) (12,12) (14,4) (8,13)
startAt: 7
(0,7) (1,10) (4,10) (7,7) (8,13) (12,12) (14,4)

[0mPOST /move [32m200 [0m0.796 ms - 16[0m
Turn= 43
Head -- X: 12 Y: 7
0
(4,10) (1,10) (0,7) (7,7) (12,12) (14,4) (8,13)
startAt: 7
(0,7) (1,10) (4,10) (7,7) (8,13) (12,12) (14,4)

[0mPOST /move [32m200 [0m0.641 ms - 13[0m
Turn= 44
Head -- X: 12 Y: 6
0
(4,10) (1,10) (0,7) (7,7) (12,12) (14,4) (8,13)
startAt: 7
(0,7) (1,10) (4,10) (7,7) (8,13) (12,12) (14,4)

[0mPOST /move [32m200 [0m0.677 ms - 13[0m
Turn= 45
Head -- X: 12 Y: 5
0
(4,10) (1,10) (0,7) (7,7) (12,12) (14,4) (8,13)
startAt: 7
(0,7) (1,10) (4,10) (7,7) (8,13) (12,12) (14,4)

[0mPOST /move [32m200 [0m0.765 ms - 13[0m
Turn= 46
Head -- X: 12 Y: 4
0
(4,10) (1,10) (0,7) (7,7) (12,12) (14,4) (8,13)
startAt: 7
(0,7) (1,10) (4,10) (7,7) (8,13) (12,12) (14,4)

[0mPOST /move [32m200 [0m0.690 ms - 15[0m
Turn= 47
Head -- X: 11 Y: 4
0
(4,10) (1,10) (0,7) (7,7) (12,12) (14,4) (8,13)
startAt: 7
(0,7) (1,10) (4,10) (7,7) (8,13) (12,12) (14,4)

[0mPOST /move [32m200 [0m0.721 ms - 13[0m
Turn= 48
Head -- X: 11 Y: 3
0
(4,10) (1,10) (0,7) (7,7) (12,12) (14,4) (8,13)
startAt: 7
(0,7) (1,10) (4,10) (7,7) (8,13) (12,12) (14,4)

[0mPOST /move [32m200 [0m0.918 ms - 13[0m
Turn= 49
Head -- X: 11 Y: 2
0
(4,10) (1,10) (0,7) (7,7) (12,12) (14,4) (8,13) (7,6)
startAt: 7
false
(0,7) (1,10) (4,10) (7,6) (7,7) (8,13) (12,12) (14,4)

[0mPOST /move [32m200 [0m0.867 ms - 16[0m
Turn= 50
Head -- X: 12 Y: 2
0
(4,10) (1,10) (0,7) (7,7) (12,12) (14,4) (8,13) (7,6)
startAt: 8
(0,7) (1,10) (4,10) (7,6) (7,7) (8,13) (12,12) (14,4)

[0mPOST /move [32m200 [0m0.820 ms - 16[0m
Turn= 51
Head -- X: 13 Y: 2
0
(4,10) (1,10) (0,7) (7,7) (12,12) (14,4) (8,13) (7,6)
startAt: 8
(0,7) (1,10) (4,10) (7,6) (7,7) (8,13) (12,12) (14,4)

[0mPOST /move [32m200 [0m0.698 ms - 16[0m
Turn= 52
Head -- X: 14 Y: 2
0
(4,10) (1,10) (0,7) (7,7) (12,12) (14,4) (8,13) (7,6)
startAt: 8
(0,7) (1,10) (4,10) (7,6) (7,7) (8,13) (12,12) (14,4)

[0mPOST /move [32m200 [0m0.985 ms - 15[0m
Turn= 53
Head -- X: 14 Y: 3
0
(4,10) (1,10) (0,7) (7,7) (12,12) (14,4) (8,13) (7,6)
startAt: 8
(0,7) (1,10) (4,10) (7,6) (7,7) (8,13) (12,12) (14,4)

[0mPOST /move [32m200 [0m0.809 ms - 15[0m
Turn= 54
Head -- X: 13 Y: 3
0
(4,10) (1,10) (0,7) (7,7) (12,12) (14,4) (8,13) (7,6)
startAt: 8
(0,7) (1,10) (4,10) (7,6) (7,7) (8,13) (12,12) (14,4)

[0mPOST /move [32m200 [0m0.718 ms - 13[0m
Turn= 55
Head -- X: 13 Y: 2
0
(4,10) (1,10) (0,7) (7,7) (12,12) (14,4) (8,13) (7,6)
startAt: 8
(0,7) (1,10) (4,10) (7,6) (7,7) (8,13) (12,12) (14,4)

[0mPOST /move [32m200 [0m0.763 ms - 13[0m
Turn= 56
Head -- X: 13 Y: 1
0
(4,10) (1,10) (0,7) (7,7) (12,12) (14,4) (8,13) (7,6)
startAt: 8
(0,7) (1,10) (4,10) (7,6) (7,7) (8,13) (12,12) (14,4)

[0mPOST /move [32m200 [0m1.394 ms - 16[0m
Turn= 57
Head -- X: 14 Y: 1
0
(4,10) (1,10) (0,7) (7,7) (12,12) (14,4) (8,13) (7,6)
startAt: 8
(0,7) (1,10) (4,10) (7,6) (7,7) (8,13) (12,12) (14,4)

[0mPOST /move [32m200 [0m0.927 ms - 15[0m
Turn= 58
Head -- X: 14 Y: 2
0
(4,10) (1,10) (0,7) (7,7) (12,12) (14,4) (8,13) (7,6)
startAt: 8
(0,7) (1,10) (4,10) (7,6) (7,7) (8,13) (12,12) (14,4)

[0mPOST /move [32m200 [0m0.929 ms - 15[0m
Turn= 59
Head -- X: 14 Y: 3
0
(4,10) (1,10) (0,7) (7,7) (12,12) (14,4) (8,13) (7,6) (13,8)
startAt: 8
false
(0,7) (1,10) (4,10) (7,6) (7,7) (8,13) (12,12) (13,8) (14,4)

[0mPOST /move [32m200 [0m0.868 ms - 15[0m
Turn= 60
Head -- X: 13 Y: 3
0
(4,10) (1,10) (0,7) (7,7) (12,12) (14,4) (8,13) (7,6) (13,8)
startAt: 9
(0,7) (1,10) (4,10) (7,6) (7,7) (8,13) (12,12) (13,8) (14,4)

[0mPOST /move [32m200 [0m1.107 ms - 15[0m
Turn= 61
Head -- X: 13 Y: 4
0
(4,10) (1,10) (0,7) (7,7) (12,12) (14,4) (8,13) (7,6) (13,8)
startAt: 9
(0,7) (1,10) (4,10) (7,6) (7,7) (8,13) (12,12) (13,8) (14,4)

[0mPOST /move [32m200 [0m1.088 ms - 15[0m
Turn= 62
Head -- X: 13 Y: 5
0
(4,10) (1,10) (0,7) (7,7) (12,12) (14,4) (8,13) (7,6) (13,8)
startAt: 9
(0,7) (1,10) (4,10) (7,6) (7,7) (8,13) (12,12) (13,8) (14,4)

[0mPOST /move [32m200 [0m1.023 ms - 16[0m
Turn= 63
Head -- X: 14 Y: 5
0
(4,10) (1,10) (0,7) (7,7) (12,12) (14,4) (8,13) (7,6) (13,8)
startAt: 9
(0,7) (1,10) (4,10) (7,6) (7,7) (8,13) (12,12) (13,8) (14,4)

[0mPOST /move [32m200 [0m2.820 ms - 15[0m
Turn= 64
Head -- X: 14 Y: 6
0
(4,10) (1,10) (0,7) (7,7) (12,12) (14,4) (8,13) (7,6) (13,8)
startAt: 9
(0,7) (1,10) (4,10) (7,6) (7,7) (8,13) (12,12) (13,8) (14,4)

[0mPOST /move [32m200 [0m2.697 ms - 15[0m
Turn= 65
Head -- X: 13 Y: 6
0
(4,10) (1,10) (0,7) (7,7) (12,12) (14,4) (8,13) (7,6) (13,8)
startAt: 9
(0,7) (1,10) (4,10) (7,6) (7,7) (8,13) (12,12) (13,8) (14,4)

[0mPOST /move [32m200 [0m4.883 ms - 13[0m
Turn= 66
Head -- X: 13 Y: 5
0
(4,10) (1,10) (0,7) (7,7) (12,12) (14,4) (8,13) (7,6) (13,8)
startAt: 9
(0,7) (1,10) (4,10) (7,6) (7,7) (8,13) (12,12) (13,8) (14,4)

[0mPOST /move [32m200 [0m0.584 ms - 15[0m
Turn= 67
Head -- X: 12 Y: 5
0
(4,10) (1,10) (0,7) (7,7) (12,12) (14,4) (8,13) (7,6) (13,8)
startAt: 9
(0,7) (1,10) (4,10) (7,6) (7,7) (8,13) (12,12) (13,8) (14,4)

[0mPOST /move [32m200 [0m0.717 ms - 13[0m
Turn= 68
Head -- X: 12 Y: 4
0
(4,10) (1,10) (0,7) (7,7) (12,12) (14,4) (8,13) (7,6) (13,8) (13,14)
startAt: 9
false
(0,7) (1,10) (4,10) (7,6) (7,7) (8,13) (12,12) (13,8) (13,14) (14,4)

[0mPOST /move [32m200 [0m0.740 ms - 15[0m
Turn= 69
Head -- X: 11 Y: 4
0
(4,10) (1,10) (0,7) (7,7) (12,12) (14,4) (8,13) (7,6) (13,8) (13,14)
startAt: 10
(0,7) (1,10) (4,10) (7,6) (7,7) (8,13) (12,12) (13,8) (13,14) (14,4)

[0mPOST /move [32m200 [0m1.110 ms - 15[0m
Turn= 70
Head -- X: 11 Y: 5
0
(4,10) (1,10) (0,7) (7,7) (12,12) (14,4) (8,13) (7,6) (13,8) (13,14)
startAt: 10
(0,7) (1,10) (4,10) (7,6) (7,7) (8,13) (12,12) (13,8) (13,14) (14,4)

[0mPOST /move [32m200 [0m0.796 ms - 15[0m
Turn= 71
Head -- X: 11 Y: 6
0
(4,10) (1,10) (0,7) (7,7) (12,12) (14,4) (8,13) (7,6) (13,8) (13,14)
startAt: 10
(0,7) (1,10) (4,10) (7,6) (7,7) (8,13) (12,12) (13,8) (13,14) (14,4)

[0mPOST /move [32m200 [0m4.264 ms - 16[0m
Turn= 72
Head -- X: 12 Y: 6
0
(4,10) (1,10) (0,7) (7,7) (12,12) (14,4) (8,13) (7,6) (13,8) (13,14)
startAt: 10
(0,7) (1,10) (4,10) (7,6) (7,7) (8,13) (12,12) (13,8) (13,14) (14,4)

[0mPOST /move [32m200 [0m0.936 ms - 16[0m
Turn= 73
Head -- X: 13 Y: 6
0
(4,10) (1,10) (0,7) (7,7) (12,12) (14,4) (8,13) (7,6) (13,8) (13,14)
startAt: 10
(0,7) (1,10) (4,10) (7,6) (7,7) (8,13) (12,12) (13,8) (13,14) (14,4)

[0mPOST /move [32m200 [0m0.718 ms - 15[0m
Turn= 74
Head -- X: 13 Y: 7
0
(4,10) (1,10) (0,7) (7,7) (12,12) (14,4) (8,13) (7,6) (13,8) (13,14)
startAt: 10
(0,7) (1,10) (4,10) (7,6) (7,7) (8,13) (12,12) (13,8) (13,14) (14,4)

[0mPOST /move [32m200 [0m0.673 ms - 15[0m
Turn= 75
Head -- X: 12 Y: 7
0
(4,10) (1,10) (0,7) (7,7) (12,12) (14,4) (8,13) (7,6) (13,8) (13,14)
startAt: 10
(0,7) (1,10) (4,10) (7,6) (7,7) (8,13) (12,12) (13,8) (13,14) (14,4)

[0mPOST /move [32m200 [0m1.309 ms - 13[0m
Turn= 76
Head -- X: 12 Y: 6
0
(4,10) (1,10) (0,7) (7,7) (12,12) (14,4) (8,13) (7,6) (13,8) (13,14) (11,7)
startAt: 10
false
(0,7) (1,10) (4,10) (7,6) (7,7) (8,13) (11,7) (12,12) (13,8) (13,14) (14,4)

[0mPOST /move [32m200 [0m0.879 ms - 16[0m
Turn= 77
Head -- X: 13 Y: 6
0
(4,10) (1,10) (0,7) (7,7) (12,12) (14,4) (8,13) (7,6) (13,8) (13,14) (11,7)
startAt: 11
(0,7) (1,10) (4,10) (7,6) (7,7) (8,13) (11,7) (12,12) (13,8) (13,14) (14,4)

[0mPOST /move [32m200 [0m0.810 ms - 16[0m
Turn= 78
Head -- X: 14 Y: 6
1
(1,10) (0,7) (7,7) (12,12) (14,4) (8,13) (7,6) (13,8) (13,14) (11,7)
startAt: 10
(0,7) (1,10) (7,6) (7,7) (8,13) (11,7) (12,12) (13,8) (13,14) (14,4)

[0mPOST /move [32m200 [0m0.716 ms - 15[0m
Turn= 79
Head -- X: 14 Y: 7
0
(1,10) (0,7) (7,7) (12,12) (14,4) (8,13) (7,6) (13,8) (13,14) (11,7)
startAt: 10
(0,7) (1,10) (7,6) (7,7) (8,13) (11,7) (12,12) (13,8) (13,14) (14,4)

[0mPOST /move [32m200 [0m0.883 ms - 15[0m
Turn= 80
Head -- X: 13 Y: 7
0
(1,10) (0,7) (7,7) (12,12) (14,4) (8,13) (7,6) (13,8) (13,14) (11,7)
startAt: 10
(0,7) (1,10) (7,6) (7,7) (8,13) (11,7) (12,12) (13,8) (13,14) (14,4)

[0mPOST /move [32m200 [0m0.691 ms - 13[0m
Turn= 81
Head -- X: 13 Y: 6
0
(1,10) (0,7) (7,7) (12,12) (14,4) (8,13) (7,6) (13,8) (13,14) (11,7) (10,6)
startAt: 10
false
(0,7) (1,10) (7,6) (7,7) (8,13) (10,6) (11,7) (12,12) (13,8) (13,14) (14,4)

[0mPOST /move [32m200 [0m1.036 ms - 16[0m
Turn= 82
Head -- X: 14 Y: 6
0
(1,10) (0,7) (7,7) (12,12) (14,4) (8,13) (7,6) (13,8) (13,14) (11,7) (10,6)
startAt: 11
(0,7) (1,10) (7,6) (7,7) (8,13) (10,6) (11,7) (12,12) (13,8) (13,14) (14,4)

[0mPOST /move [32m200 [0m0.848 ms - 15[0m
Turn= 83
Head -- X: 14 Y: 7
0
(1,10) (0,7) (7,7) (12,12) (14,4) (8,13) (7,6) (13,8) (13,14) (11,7) (10,6)
startAt: 11
(0,7) (1,10) (7,6) (7,7) (8,13) (10,6) (11,7) (12,12) (13,8) (13,14) (14,4)

[0mPOST /move [32m200 [0m1.117 ms - 15[0m
Turn= 84
Head -- X: 13 Y: 7
0
(1,10) (0,7) (7,7) (12,12) (14,4) (8,13) (7,6) (13,8) (13,14) (11,7) (10,6)
startAt: 11
(0,7) (1,10) (7,6) (7,7) (8,13) (10,6) (11,7) (12,12) (13,8) (13,14) (14,4)

[0mPOST /move [32m200 [0m0.616 ms - 15[0m
Turn= 85
Head -- X: 12 Y: 7
0
(1,10) (0,7) (7,7) (12,12) (14,4) (8,13) (7,6) (13,8) (13,14) (11,7) (10,6)
startAt: 11
(0,7) (1,10) (7,6) (7,7) (8,13) (10,6) (11,7) (12,12) (13,8) (13,14) (14,4)

[0mPOST /move [32m200 [0m0.685 ms - 15[0m
Turn= 86
Head -- X: 11 Y: 7
1
(1,10) (0,7) (7,7) (12,12) (14,4) (8,13) (7,6) (13,8) (13,14) (10,6)
startAt: 10
(0,7) (1,10) (7,6) (7,7) (8,13) (10,6) (12,12) (13,8) (13,14) (14,4)

[0mPOST /move [32m200 [0m2.010 ms - 15[0m
Turn= 87
Head -- X: 10 Y: 7
0
(1,10) (0,7) (7,7) (12,12) (14,4) (8,13) (7,6) (13,8) (13,14) (10,6)
startAt: 10
(0,7) (1,10) (7,6) (7,7) (8,13) (10,6) (12,12) (13,8) (13,14) (14,4)

[0mPOST /move [32m200 [0m2.122 ms - 15[0m
Turn= 88
Head -- X: 9 Y: 7
0
(1,10) (0,7) (7,7) (12,12) (14,4) (8,13) (7,6) (13,8) (13,14) (10,6)
startAt: 10
(0,7) (1,10) (7,6) (7,7) (8,13) (10,6) (12,12) (13,8) (13,14) (14,4)

[0mPOST /move [32m200 [0m0.904 ms - 15[0m
Turn= 89
Head -- X: 8 Y: 7
0
(1,10) (0,7) (7,7) (12,12) (14,4) (8,13) (7,6) (13,8) (13,14) (10,6)
startAt: 10
(0,7) (1,10) (7,6) (7,7) (8,13) (10,6) (12,12) (13,8) (13,14) (14,4)

[0mPOST /move [32m200 [0m0.796 ms - 13[0m
Turn= 90
Head -- X: 8 Y: 6
0
(1,10) (0,7) (7,7) (12,12) (14,4) (8,13) (7,6) (13,8) (13,14) (10,6)
startAt: 10
(0,7) (1,10) (7,6) (7,7) (8,13) (10,6) (12,12) (13,8) (13,14) (14,4)

[0mPOST /move [32m200 [0m0.613 ms - 16[0m
Turn= 91
Head -- X: 9 Y: 6
0
(1,10) (0,7) (7,7) (12,12) (14,4) (8,13) (7,6) (13,8) (13,14) (10,6) (3,2)
startAt: 10
false
(0,7) (1,10) (3,2) (7,6) (7,7) (8,13) (10,6) (12,12) (13,8) (13,14) (14,4)

[0mPOST /move [32m200 [0m0.776 ms - 13[0m
Turn= 92
Head -- X: 9 Y: 5
0
(1,10) (0,7) (7,7) (12,12) (14,4) (8,13) (7,6) (13,8) (13,14) (10,6) (3,2)
startAt: 11
(0,7) (1,10) (3,2) (7,6) (7,7) (8,13) (10,6) (12,12) (13,8) (13,14) (14,4)

[0mPOST /move [32m200 [0m0.779 ms - 15[0m
Turn= 93
Head -- X: 8 Y: 5
0
(1,10) (0,7) (7,7) (12,12) (14,4) (8,13) (7,6) (13,8) (13,14) (10,6) (3,2)
startAt: 11
(0,7) (1,10) (3,2) (7,6) (7,7) (8,13) (10,6) (12,12) (13,8) (13,14) (14,4)

[0mPOST /move [32m200 [0m0.642 ms - 13[0m
Turn= 94
Head -- X: 8 Y: 4
0
(1,10) (0,7) (7,7) (12,12) (14,4) (8,13) (7,6) (13,8) (13,14) (10,6) (3,2)
startAt: 11
(0,7) (1,10) (3,2) (7,6) (7,7) (8,13) (10,6) (12,12) (13,8) (13,14) (14,4)

[0mPOST /move [32m200 [0m0.847 ms - 16[0m
Turn= 95
Head -- X: 9 Y: 4
0
(1,10) (0,7) (7,7) (12,12) (14,4) (8,13) (7,6) (13,8) (13,14) (10,6) (3,2)
startAt: 11
(0,7) (1,10) (3,2) (7,6) (7,7) (8,13) (10,6) (12,12) (13,8) (13,14) (14,4)

[0mPOST /move [32m200 [0m0.923 ms - 13[0m
Turn= 96
Head -- X: 9 Y: 3
0
(1,10) (0,7) (7,7) (12,12) (14,4) (8,13) (7,6) (13,8) (13,14) (10,6) (3,2)
startAt: 11
(0,7) (1,10) (3,2) (7,6) (7,7) (8,13) (10,6) (12,12) (13,8) (13,14) (14,4)

[0mPOST /move [32m200 [0m0.601 ms - 16[0m
Turn= 97
Head -- X: 10 Y: 3
0
(1,10) (0,7) (7,7) (12,12) (14,4) (8,13) (7,6) (13,8) (13,14) (10,6) (3,2)
startAt: 11
(0,7) (1,10) (3,2) (7,6) (7,7) (8,13) (10,6) (12,12) (13,8) (13,14) (14,4)

[0mPOST /move [32m200 [0m0.824 ms - 15[0m
Turn= 98
Head -- X: 10 Y: 4
0
(1,10) (0,7) (7,7) (12,12) (14,4) (8,13) (7,6) (13,8) (13,14) (10,6) (3,2)
startAt: 11
(0,7) (1,10) (3,2) (7,6) (7,7) (8,13) (10,6) (12,12) (13,8) (13,14) (14,4)

[0mPOST /move [32m200 [0m0.823 ms - 16[0m
Turn= 99
Head -- X: 11 Y: 4
1
(1,10) (0,7) (7,7) (12,12) (14,4) (7,6) (13,8) (13,14) (10,6) (3,2)
startAt: 10
(0,7) (1,10) (3,2) (7,6) (7,7) (10,6) (12,12) (13,8) (13,14) (14,4)

[0mPOST /move [32m200 [0m0.752 ms - 16[0m
Turn= 100
Head -- X: 12 Y: 4
0
(1,10) (0,7) (7,7) (12,12) (14,4) (7,6) (13,8) (13,14) (10,6) (3,2)
startAt: 10
(0,7) (1,10) (3,2) (7,6) (7,7) (10,6) (12,12) (13,8) (13,14) (14,4)

[0mPOST /move [32m200 [0m1.059 ms - 16[0m
Turn= 101
Head -- X: 13 Y: 4
0
(1,10) (0,7) (7,7) (12,12) (14,4) (7,6) (13,8) (13,14) (10,6) (3,2) (10,9)
startAt: 10
false
(0,7) (1,10) (3,2) (7,6) (7,7) (10,6) (10,9) (12,12) (13,8) (13,14) (14,4)

[0mPOST /move [32m200 [0m0.654 ms - 16[0m
Turn= 102
Head -- X: 14 Y: 4
1
(1,10) (0,7) (7,7) (12,12) (7,6) (13,8) (13,14) (10,6) (3,2) (10,9)
startAt: 10
(0,7) (1,10) (3,2) (7,6) (7,7) (10,6) (10,9) (12,12) (13,8) (13,14)

[0mPOST /move [32m200 [0m0.684 ms - 15[0m
Turn= 103
Head -- X: 14 Y: 5
0
(1,10) (0,7) (7,7) (12,12) (7,6) (13,8) (13,14) (10,6) (3,2) (10,9)
startAt: 10
(0,7) (1,10) (3,2) (7,6) (7,7) (10,6) (10,9) (12,12) (13,8) (13,14)

[0mPOST /move [32m200 [0m0.562 ms - 15[0m
Turn= 104
Head -- X: 14 Y: 6
0
(1,10) (0,7) (7,7) (12,12) (7,6) (13,8) (13,14) (10,6) (3,2) (10,9)
startAt: 10
(0,7) (1,10) (3,2) (7,6) (7,7) (10,6) (10,9) (12,12) (13,8) (13,14)

[0mPOST /move [32m200 [0m0.673 ms - 15[0m
Turn= 105
Head -- X: 13 Y: 6
0
(1,10) (0,7) (7,7) (12,12) (7,6) (13,8) (13,14) (10,6) (3,2) (10,9)
startAt: 10
(0,7) (1,10) (3,2) (7,6) (7,7) (10,6) (10,9) (12,12) (13,8) (13,14)

[0mPOST /move [32m200 [0m0.724 ms - 15[0m
Turn= 106
Head -- X: 13 Y: 7
0
(1,10) (0,7) (7,7) (12,12) (7,6) (13,8) (13,14) (10,6) (3,2) (10,9)
startAt: 10
(0,7) (1,10) (3,2) (7,6) (7,7) (10,6) (10,9) (12,12) (13,8) (13,14)

[0mPOST /move [32m200 [0m0.702 ms - 15[0m
Turn= 107
Head -- X: 13 Y: 8
1
(1,10) (0,7) (7,7) (12,12) (7,6) (13,14) (10,6) (3,2) (10,9)
startAt: 9
(0,7) (1,10) (3,2) (7,6) (7,7) (10,6) (10,9) (12,12) (13,14)

[0mPOST /move [32m200 [0m0.792 ms - 15[0m
Turn= 108
Head -- X: 13 Y: 9
0
(1,10) (0,7) (7,7) (12,12) (7,6) (13,14) (10,6) (3,2) (10,9) (12,4)
startAt: 9
false
(0,7) (1,10) (3,2) (7,6) (7,7) (10,6) (10,9) (12,4) (12,12) (13,14)

[0mPOST /move [32m200 [0m0.724 ms - 15[0m
Turn= 109
Head -- X: 12 Y: 9
0
(1,10) (0,7) (7,7) (12,12) (7,6) (13,14) (10,6) (3,2) (10,9) (12,4)
startAt: 10
(0,7) (1,10) (3,2) (7,6) (7,7) (10,6) (10,9) (12,4) (12,12) (13,14)

[0mPOST /move [32m200 [0m0.859 ms - 13[0m
Turn= 110
Head -- X: 12 Y: 8
0
(1,10) (0,7) (7,7) (12,12) (7,6) (13,14) (10,6) (3,2) (10,9) (12,4)
startAt: 10
(0,7) (1,10) (3,2) (7,6) (7,7) (10,6) (10,9) (12,4) (12,12) (13,14)

[0mPOST /move [32m200 [0m0.807 ms - 13[0m
Turn= 111
Head -- X: 12 Y: 7
0
(1,10) (0,7) (7,7) (12,12) (7,6) (13,14) (10,6) (3,2) (10,9) (12,4)
startAt: 10
(0,7) (1,10) (3,2) (7,6) (7,7) (10,6) (10,9) (12,4) (12,12) (13,14)

[0mPOST /move [32m200 [0m1.225 ms - 13[0m
Turn= 112
Head -- X: 12 Y: 6
0
(1,10) (0,7) (7,7) (12,12) (7,6) (13,14) (10,6) (3,2) (10,9) (12,4)
startAt: 10
(0,7) (1,10) (3,2) (7,6) (7,7) (10,6) (10,9) (12,4) (12,12) (13,14)

[0mPOST /move [32m200 [0m0.937 ms - 16[0m
Turn= 113
Head -- X: 13 Y: 6
0
(1,10) (0,7) (7,7) (12,12) (7,6) (13,14) (10,6) (3,2) (10,9) (12,4)
startAt: 10
(0,7) (1,10) (3,2) (7,6) (7,7) (10,6) (10,9) (12,4) (12,12) (13,14)

[0mPOST /move [32m200 [0m2.221 ms - 16[0m
Turn= 114
Head -- X: 14 Y: 6
0
(1,10) (0,7) (7,7) (12,12) (7,6) (13,14) (10,6) (3,2) (10,9) (12,4)
startAt: 10
(0,7) (1,10) (3,2) (7,6) (7,7) (10,6) (10,9) (12,4) (12,12) (13,14)

[0mPOST /move [32m200 [0m0.828 ms - 15[0m
Turn= 115
Head -- X: 14 Y: 7
0
(1,10) (0,7) (7,7) (12,12) (7,6) (13,14) (10,6) (3,2) (10,9) (12,4)
startAt: 10
(0,7) (1,10) (3,2) (7,6) (7,7) (10,6) (10,9) (12,4) (12,12) (13,14)

[0mPOST /move [32m200 [0m0.818 ms - 15[0m
Turn= 116
Head -- X: 13 Y: 7
0
(1,10) (0,7) (7,7) (12,12) (7,6) (13,14) (10,6) (3,2) (10,9) (12,4)
startAt: 10
(0,7) (1,10) (3,2) (7,6) (7,7) (10,6) (10,9) (12,4) (12,12) (13,14)

[0mPOST /move [32m200 [0m0.759 ms - 15[0m
Turn= 117
Head -- X: 13 Y: 8
0
(1,10) (0,7) (7,7) (12,12) (7,6) (13,14) (10,6) (3,2) (10,9) (12,4)
startAt: 10
(0,7) (1,10) (3,2) (7,6) (7,7) (10,6) (10,9) (12,4) (12,12) (13,14)

[0mPOST /move [32m200 [0m0.674 ms - 16[0m
Turn= 118
Head -- X: 14 Y: 8
0
(1,10) (0,7) (7,7) (12,12) (7,6) (13,14) (10,6) (3,2) (10,9) (12,4) (13,9)
startAt: 10
false
(0,7) (1,10) (3,2) (7,6) (7,7) (10,6) (10,9) (12,4) (12,12) (13,9) (13,14)

[0mPOST /move [32m200 [0m0.760 ms - 15[0m
Turn= 119
Head -- X: 14 Y: 9
0
(1,10) (0,7) (7,7) (12,12) (7,6) (13,14) (10,6) (3,2) (10,9) (12,4) (13,9)
startAt: 11
(0,7) (1,10) (3,2) (7,6) (7,7) (10,6) (10,9) (12,4) (12,12) (13,9) (13,14)

[0mPOST /move [32m200 [0m0.831 ms - 15[0m
Turn= 120
Head -- X: 13 Y: 9
1
(1,10) (0,7) (7,7) (12,12) (7,6) (13,14) (10,6) (3,2) (10,9) (12,4)
startAt: 10
(0,7) (1,10) (3,2) (7,6) (7,7) (10,6) (10,9) (12,4) (12,12) (13,14)

[0mPOST /move [32m200 [0m1.123 ms - 15[0m
Turn= 121
Head -- X: 12 Y: 9
0
(1,10) (0,7) (7,7) (12,12) (7,6) (13,14) (10,6) (3,2) (10,9) (12,4)
startAt: 10
(0,7) (1,10) (3,2) (7,6) (7,7) (10,6) (10,9) (12,4) (12,12) (13,14)

[0mPOST /move [32m200 [0m0.688 ms - 15[0m
Turn= 122
Head -- X: 12 Y: 10
0
(1,10) (0,7) (7,7) (12,12) (7,6) (13,14) (10,6) (3,2) (10,9) (12,4)
startAt: 10
(0,7) (1,10) (3,2) (7,6) (7,7) (10,6) (10,9) (12,4) (12,12) (13,14)

[0mPOST /move [32m200 [0m0.697 ms - 15[0m
Turn= 123
Head -- X: 12 Y: 11
0
(1,10) (0,7) (7,7) (12,12) (7,6) (13,14) (10,6) (3,2) (10,9) (12,4)
startAt: 10
(0,7) (1,10) (3,2) (7,6) (7,7) (10,6) (10,9) (12,4) (12,12) (13,14)

[0mPOST /move [32m200 [0m0.662 ms - 15[0m
Turn= 124
Head -- X: 11 Y: 11
0
(1,10) (0,7) (7,7) (12,12) (7,6) (13,14) (10,6) (3,2) (10,9) (12,4)
startAt: 10
(0,7) (1,10) (3,2) (7,6) (7,7) (10,6) (10,9) (12,4) (12,12) (13,14)

[0mPOST /move [32m200 [0m0.765 ms - 13[0m
Turn= 125
Head -- X: 11 Y: 10
0
(1,10) (0,7) (7,7) (12,12) (7,6) (13,14) (10,6) (3,2) (10,9) (12,4)
startAt: 10
(0,7) (1,10) (3,2) (7,6) (7,7) (10,6) (10,9) (12,4) (12,12) (13,14)

[0mPOST /move [32m200 [0m0.809 ms - 13[0m
Turn= 126
Head -- X: 11 Y: 9
0
(1,10) (0,7) (7,7) (12,12) (7,6) (13,14) (10,6) (3,2) (10,9) (12,4)
startAt: 10
(0,7) (1,10) (3,2) (7,6) (7,7) (10,6) (10,9) (12,4) (12,12) (13,14)

[0mPOST /move [32m200 [0m0.735 ms - 13[0m
Turn= 127
Head -- X: 11 Y: 8
0
(1,10) (0,7) (7,7) (12,12) (7,6) (13,14) (10,6) (3,2) (10,9) (12,4)
startAt: 10
(0,7) (1,10) (3,2) (7,6) (7,7) (10,6) (10,9) (12,4) (12,12) (13,14)

[0mPOST /move [32m200 [0m0.648 ms - 13[0m
Turn= 128
Head -- X: 11 Y: 7
0
(1,10) (0,7) (7,7) (12,12) (7,6) (13,14) (10,6) (3,2) (10,9) (12,4)
startAt: 10
(0,7) (1,10) (3,2) (7,6) (7,7) (10,6) (10,9) (12,4) (12,12) (13,14)

[0mPOST /move [32m200 [0m0.702 ms - 15[0m
Turn= 129
Head -- X: 10 Y: 7
0
(1,10) (0,7) (7,7) (12,12) (7,6) (13,14) (10,6) (3,2) (10,9) (12,4) (5,6)
startAt: 10
false
(0,7) (1,10) (3,2) (5,6) (7,6) (7,7) (10,6) (10,9) (12,4) (12,12) (13,14)

[0mPOST /move [32m200 [0m0.754 ms - 13[0m
Turn= 130
Head -- X: 10 Y: 6
1
(1,10) (0,7) (7,7) (12,12) (7,6) (13,14) (3,2) (10,9) (12,4) (5,6)
startAt: 10
(0,7) (1,10) (3,2) (5,6) (7,6) (7,7) (10,9) (12,4) (12,12) (13,14)

[0mPOST /move [32m200 [0m1.886 ms - 13[0m
Turn= 131
Head -- X: 10 Y: 5
0
(1,10) (0,7) (7,7) (12,12) (7,6) (13,14) (3,2) (10,9) (12,4) (5,6)
startAt: 10
(0,7) (1,10) (3,2) (5,6) (7,6) (7,7) (10,9) (12,4) (12,12) (13,14)

[0mPOST /move [32m200 [0m0.598 ms - 15[0m
Turn= 132
Head -- X: 9 Y: 5
0
(1,10) (0,7) (7,7) (12,12) (7,6) (13,14) (3,2) (10,9) (12,4) (5,6)
startAt: 10
(0,7) (1,10) (3,2) (5,6) (7,6) (7,7) (10,9) (12,4) (12,12) (13,14)

[0mPOST /move [32m200 [0m1.785 ms - 15[0m
Turn= 133
Head -- X: 8 Y: 5
0
(1,10) (0,7) (7,7) (12,12) (7,6) (13,14) (3,2) (10,9) (12,4) (5,6)
startAt: 10
(0,7) (1,10) (3,2) (5,6) (7,6) (7,7) (10,9) (12,4) (12,12) (13,14)

[0mPOST /move [32m200 [0m0.783 ms - 15[0m
Turn= 134
Head -- X: 7 Y: 5
0
(1,10) (0,7) (7,7) (12,12) (7,6) (13,14) (3,2) (10,9) (12,4) (5,6)
startAt: 10
(0,7) (1,10) (3,2) (5,6) (7,6) (7,7) (10,9) (12,4) (12,12) (13,14)

[0mPOST /move [32m200 [0m0.634 ms - 15[0m
Turn= 135
Head -- X: 6 Y: 5
0
(1,10) (0,7) (7,7) (12,12) (7,6) (13,14) (3,2) (10,9) (12,4) (5,6)
startAt: 10
(0,7) (1,10) (3,2) (5,6) (7,6) (7,7) (10,9) (12,4) (12,12) (13,14)

[0mPOST /move [32m200 [0m0.630 ms - 13[0m
Turn= 136
Head -- X: 6 Y: 4
0
(1,10) (0,7) (7,7) (12,12) (7,6) (13,14) (3,2) (10,9) (12,4) (5,6)
startAt: 10
(0,7) (1,10) (3,2) (5,6) (7,6) (7,7) (10,9) (12,4) (12,12) (13,14)

[0mPOST /move [32m200 [0m0.771 ms - 13[0m
Turn= 137
Head -- X: 6 Y: 3
0
(1,10) (0,7) (7,7) (12,12) (7,6) (13,14) (3,2) (10,9) (12,4) (5,6)
startAt: 10
(0,7) (1,10) (3,2) (5,6) (7,6) (7,7) (10,9) (12,4) (12,12) (13,14)

[0mPOST /move [32m200 [0m0.648 ms - 16[0m
Turn= 138
Head -- X: 7 Y: 3
0
(1,10) (0,7) (7,7) (12,12) (7,6) (13,14) (3,2) (10,9) (12,4) (5,6)
startAt: 10
(0,7) (1,10) (3,2) (5,6) (7,6) (7,7) (10,9) (12,4) (12,12) (13,14)

[0mPOST /move [32m200 [0m0.757 ms - 13[0m
Turn= 139
Head -- X: 7 Y: 2
1
(1,10) (7,7) (12,12) (7,6) (13,14) (3,2) (10,9) (12,4) (5,6) (0,6)
startAt: 9
false
(0,6) (1,10) (3,2) (5,6) (7,6) (7,7) (10,9) (12,4) (12,12) (13,14)

[0mPOST /move [32m200 [0m0.723 ms - 16[0m
Turn= 140
Head -- X: 8 Y: 2
1
(1,10) (7,7) (12,12) (7,6) (13,14) (3,2) (10,9) (12,4) (5,6)
startAt: 9
(1,10) (3,2) (5,6) (7,6) (7,7) (10,9) (12,4) (12,12) (13,14)

[0mPOST /move [32m200 [0m0.821 ms - 15[0m
Turn= 141
Head -- X: 8 Y: 3
0
(1,10) (7,7) (12,12) (7,6) (13,14) (3,2) (10,9) (12,4) (5,6)
startAt: 9
(1,10) (3,2) (5,6) (7,6) (7,7) (10,9) (12,4) (12,12) (13,14)

[0mPOST /move [32m200 [0m0.720 ms - 16[0m
Turn= 142
Head -- X: 9 Y: 3
0
(1,10) (7,7) (12,12) (7,6) (13,14) (3,2) (10,9) (12,4) (5,6)
startAt: 9
(1,10) (3,2) (5,6) (7,6) (7,7) (10,9) (12,4) (12,12) (13,14)

[0mPOST /move [32m200 [0m0.874 ms - 15[0m
Turn= 143
Head -- X: 9 Y: 4
0
(1,10) (7,7) (12,12) (7,6) (13,14) (3,2) (10,9) (12,4) (5,6)
startAt: 9
(1,10) (3,2) (5,6) (7,6) (7,7) (10,9) (12,4) (12,12) (13,14)

[0mPOST /move [32m200 [0m0.786 ms - 16[0m
Turn= 144
Head -- X: 10 Y: 4
0
(1,10) (7,7) (12,12) (7,6) (13,14) (3,2) (10,9) (12,4) (5,6)
startAt: 9
(1,10) (3,2) (5,6) (7,6) (7,7) (10,9) (12,4) (12,12) (13,14)

[0mPOST /move [32m200 [0m0.689 ms - 13[0m
Turn= 145
Head -- X: 10 Y: 3
0
(1,10) (7,7) (12,12) (7,6) (13,14) (3,2) (10,9) (12,4) (5,6)
startAt: 9
(1,10) (3,2) (5,6) (7,6) (7,7) (10,9) (12,4) (12,12) (13,14)

[0mPOST /move [32m200 [0m0.625 ms - 16[0m
Turn= 146
Head -- X: 11 Y: 3
0
(1,10) (7,7) (12,12) (7,6) (13,14) (3,2) (10,9) (12,4) (5,6)
startAt: 9
(1,10) (3,2) (5,6) (7,6) (7,7) (10,9) (12,4) (12,12) (13,14)

[0mPOST /move [32m200 [0m0.726 ms - 15[0m
Turn= 147
Head -- X: 11 Y: 4
0
(1,10) (7,7) (12,12) (7,6) (13,14) (3,2) (10,9) (12,4) (5,6)
startAt: 9
(1,10) (3,2) (5,6) (7,6) (7,7) (10,9) (12,4) (12,12) (13,14)

[0mPOST /move [32m200 [0m0.864 ms - 15[0m
Turn= 148
Head -- X: 11 Y: 5
0
(1,10) (7,7) (12,12) (7,6) (13,14) (3,2) (10,9) (12,4) (5,6) (10,2)
startAt: 9
false
(1,10) (3,2) (5,6) (7,6) (7,7) (10,2) (10,9) (12,4) (12,12) (13,14)

[0mPOST /move [32m200 [0m0.876 ms - 16[0m
Turn= 149
Head -- X: 12 Y: 5
0
(1,10) (7,7) (12,12) (7,6) (13,14) (3,2) (10,9) (12,4) (5,6) (10,2)
startAt: 10
(1,10) (3,2) (5,6) (7,6) (7,7) (10,2) (10,9) (12,4) (12,12) (13,14)

[0mPOST /move [32m200 [0m0.747 ms - 13[0m
Turn= 150
Head -- X: 12 Y: 4
1
(1,10) (7,7) (12,12) (7,6) (13,14) (3,2) (10,9) (5,6) (10,2)
startAt: 9
(1,10) (3,2) (5,6) (7,6) (7,7) (10,2) (10,9) (12,12) (13,14)

[0mPOST /move [32m200 [0m0.695 ms - 13[0m
Turn= 151
Head -- X: 12 Y: 3
0
(1,10) (7,7) (12,12) (7,6) (13,14) (3,2) (10,9) (5,6) (10,2)
startAt: 9
(1,10) (3,2) (5,6) (7,6) (7,7) (10,2) (10,9) (12,12) (13,14)

[0mPOST /move [32m200 [0m0.743 ms - 16[0m
Turn= 152
Head -- X: 13 Y: 3
0
(1,10) (7,7) (12,12) (7,6) (13,14) (3,2) (10,9) (5,6) (10,2)
startAt: 9
(1,10) (3,2) (5,6) (7,6) (7,7) (10,2) (10,9) (12,12) (13,14)

[0mPOST /move [32m200 [0m1.594 ms - 13[0m
Turn= 153
Head -- X: 13 Y: 2
0
(1,10) (7,7) (12,12) (7,6) (13,14) (3,2) (10,9) (5,6) (10,2)
startAt: 9
(1,10) (3,2) (5,6) (7,6) (7,7) (10,2) (10,9) (12,12) (13,14)

[0mPOST /move [32m200 [0m0.898 ms - 13[0m
Turn= 154
Head -- X: 13 Y: 1
0
(1,10) (7,7) (12,12) (7,6) (13,14) (3,2) (10,9) (5,6) (10,2)
startAt: 9
(1,10) (3,2) (5,6) (7,6) (7,7) (10,2) (10,9) (12,12) (13,14)

[0mPOST /move [32m200 [0m0.811 ms - 13[0m
Turn= 155
Head -- X: 13 Y: 0
1
(7,7) (12,12) (7,6) (13,14) (3,2) (10,9) (5,6) (10,2)
startAt: 8
(3,2) (5,6) (7,6) (7,7) (10,2) (10,9) (12,12) (13,14)

[0mPOST /move [32m200 [0m0.747 ms - 15[0m
Turn= 156
Head -- X: 12 Y: 0
0
(7,7) (12,12) (7,6) (13,14) (3,2) (10,9) (5,6) (10,2)
startAt: 8
(3,2) (5,6) (7,6) (7,7) (10,2) (10,9) (12,12) (13,14)

[0mPOST /move [32m200 [0m0.585 ms - 15[0m
Turn= 157
Head -- X: 11 Y: 0
0
(7,7) (12,12) (7,6) (13,14) (3,2) (10,9) (5,6) (10,2) (13,10)
startAt: 8
false
(3,2) (5,6) (7,6) (7,7) (10,2) (10,9) (12,12) (13,10) (13,14)

[0mPOST /move [32m200 [0m1.073 ms - 15[0m
Turn= 158
Head -- X: 10 Y: 0
0
(7,7) (12,12) (7,6) (13,14) (3,2) (10,9) (5,6) (10,2) (13,10)
startAt: 9
(3,2) (5,6) (7,6) (7,7) (10,2) (10,9) (12,12) (13,10) (13,14)

[0mPOST /move [32m200 [0m0.712 ms - 15[0m
Turn= 159
Head -- X: 10 Y: 1
0
(7,7) (12,12) (7,6) (13,14) (3,2) (10,9) (5,6) (10,2) (13,10)
startAt: 9
(3,2) (5,6) (7,6) (7,7) (10,2) (10,9) (12,12) (13,10) (13,14)

[0mPOST /move [32m200 [0m0.793 ms - 15[0m
Turn= 160
Head -- X: 9 Y: 1
0
(7,7) (12,12) (7,6) (13,14) (3,2) (10,9) (5,6) (10,2) (13,10)
startAt: 9
(3,2) (5,6) (7,6) (7,7) (10,2) (10,9) (12,12) (13,10) (13,14)

[0mPOST /move [32m200 [0m1.016 ms - 15[0m
Turn= 161
Head -- X: 8 Y: 1
0
(7,7) (12,12) (7,6) (13,14) (3,2) (10,9) (5,6) (10,2) (13,10)
startAt: 9
(3,2) (5,6) (7,6) (7,7) (10,2) (10,9) (12,12) (13,10) (13,14)

[0mPOST /move [32m200 [0m0.867 ms - 13[0m
Turn= 162
Head -- X: 8 Y: 0
0
(7,7) (12,12) (7,6) (13,14) (3,2) (10,9) (5,6) (10,2) (13,10)
startAt: 9
(3,2) (5,6) (7,6) (7,7) (10,2) (10,9) (12,12) (13,10) (13,14)

[0mPOST /move [32m200 [0m0.846 ms - 15[0m
Turn= 163
Head -- X: 7 Y: 0
0
(7,7) (12,12) (7,6) (13,14) (3,2) (10,9) (5,6) (10,2) (13,10)
startAt: 9
(3,2) (5,6) (7,6) (7,7) (10,2) (10,9) (12,12) (13,10) (13,14)

[0mPOST /move [32m200 [0m0.883 ms - 15[0m
Turn= 164
Head -- X: 6 Y: 0
0
(7,7) (12,12) (7,6) (13,14) (3,2) (10,9) (5,6) (10,2) (13,10)
startAt: 9
(3,2) (5,6) (7,6) (7,7) (10,2) (10,9) (12,12) (13,10) (13,14)

[0mPOST /move [32m200 [0m0.716 ms - 15[0m
Turn= 165
Head -- X: 6 Y: 1
0
(7,7) (12,12) (7,6) (13,14) (3,2) (10,9) (5,6) (10,2) (13,10)
startAt: 9
(3,2) (5,6) (7,6) (7,7) (10,2) (10,9) (12,12) (13,10) (13,14)

[0mPOST /move [32m200 [0m0.677 ms - 15[0m
Turn= 166
Head -- X: 6 Y: 2
0
(7,7) (12,12) (7,6) (13,14) (3,2) (10,9) (5,6) (10,2) (13,10) (10,11)
startAt: 9
false
(3,2) (5,6) (7,6) (7,7) (10,2) (10,9) (10,11) (12,12) (13,10) (13,14)

[0mPOST /move [32m200 [0m1.019 ms - 15[0m
Turn= 167
Head -- X: 5 Y: 2
0
(7,7) (12,12) (7,6) (13,14) (3,2) (10,9) (5,6) (10,2) (13,10) (10,11)
startAt: 10
(3,2) (5,6) (7,6) (7,7) (10,2) (10,9) (10,11) (12,12) (13,10) (13,14)

[0mPOST /move [32m200 [0m0.655 ms - 13[0m
Turn= 168
Head -- X: 5 Y: 1
0
(7,7) (12,12) (7,6) (13,14) (3,2) (10,9) (5,6) (10,2) (13,10) (10,11)
startAt: 10
(3,2) (5,6) (7,6) (7,7) (10,2) (10,9) (10,11) (12,12) (13,10) (13,14)

[0mPOST /move [32m200 [0m0.844 ms - 13[0m
Turn= 169
Head -- X: 5 Y: 0
0
(7,7) (12,12) (7,6) (13,14) (3,2) (10,9) (5,6) (10,2) (13,10) (10,11)
startAt: 10
(3,2) (5,6) (7,6) (7,7) (10,2) (10,9) (10,11) (12,12) (13,10) (13,14)

[0mPOST /move [32m200 [0m0.794 ms - 15[0m
Turn= 170
Head -- X: 4 Y: 0
0
(7,7) (12,12) (7,6) (13,14) (3,2) (10,9) (5,6) (10,2) (13,10) (10,11)
startAt: 10
(3,2) (5,6) (7,6) (7,7) (10,2) (10,9) (10,11) (12,12) (13,10) (13,14)

[0mPOST /move [32m200 [0m0.785 ms - 15[0m
Turn= 171
Head -- X: 4 Y: 1
0
(7,7) (12,12) (7,6) (13,14) (3,2) (10,9) (5,6) (10,2) (13,10) (10,11)
startAt: 10
(3,2) (5,6) (7,6) (7,7) (10,2) (10,9) (10,11) (12,12) (13,10) (13,14)

[0mPOST /move [32m200 [0m0.768 ms - 15[0m
Turn= 172
Head -- X: 3 Y: 1
0
(7,7) (12,12) (7,6) (13,14) (3,2) (10,9) (5,6) (10,2) (13,10) (10,11)
startAt: 10
(3,2) (5,6) (7,6) (7,7) (10,2) (10,9) (10,11) (12,12) (13,10) (13,14)

[0mPOST /move [32m200 [0m0.727 ms - 15[0m
Turn= 173
Head -- X: 2 Y: 1
0
(7,7) (12,12) (7,6) (13,14) (3,2) (10,9) (5,6) (10,2) (13,10) (10,11)
startAt: 10
(3,2) (5,6) (7,6) (7,7) (10,2) (10,9) (10,11) (12,12) (13,10) (13,14)

[0mPOST /move [32m200 [0m0.939 ms - 15[0m
Turn= 174
Head -- X: 2 Y: 2
0
(7,7) (12,12) (7,6) (13,14) (3,2) (10,9) (5,6) (10,2) (13,10) (10,11)
startAt: 10
(3,2) (5,6) (7,6) (7,7) (10,2) (10,9) (10,11) (12,12) (13,10) (13,14)

[0mPOST /move [32m200 [0m0.749 ms - 15[0m
Turn= 175
Head -- X: 1 Y: 2
0
(7,7) (12,12) (7,6) (13,14) (3,2) (10,9) (5,6) (10,2) (13,10) (10,11)
startAt: 10
(3,2) (5,6) (7,6) (7,7) (10,2) (10,9) (10,11) (12,12) (13,10) (13,14)

[0mPOST /move [32m200 [0m0.628 ms - 15[0m
Turn= 176
Head -- X: 0 Y: 2
0
(7,7) (12,12) (7,6) (13,14) (3,2) (10,9) (5,6) (10,2) (13,10) (10,11)
startAt: 10
(3,2) (5,6) (7,6) (7,7) (10,2) (10,9) (10,11) (12,12) (13,10) (13,14)

[0mPOST /move [32m200 [0m0.748 ms - 13[0m
Turn= 177
Head -- X: 0 Y: 1
0
(7,7) (12,12) (7,6) (13,14) (3,2) (10,9) (5,6) (10,2) (13,10) (10,11) (8,7)
startAt: 10
false
(3,2) (5,6) (7,6) (7,7) (8,7) (10,2) (10,9) (10,11) (12,12) (13,10) (13,14)

[0mPOST /move [32m200 [0m0.784 ms - 16[0m
Turn= 178
Head -- X: 1 Y: 1
0
(7,7) (12,12) (7,6) (13,14) (3,2) (10,9) (5,6) (10,2) (13,10) (10,11) (8,7)
startAt: 11
(3,2) (5,6) (7,6) (7,7) (8,7) (10,2) (10,9) (10,11) (12,12) (13,10) (13,14)

[0mPOST /move [32m200 [0m0.584 ms - 13[0m
Turn= 179
Head -- X: 1 Y: 0
0
(7,7) (12,12) (7,6) (13,14) (3,2) (10,9) (5,6) (10,2) (13,10) (10,11) (8,7)
startAt: 11
(3,2) (5,6) (7,6) (7,7) (8,7) (10,2) (10,9) (10,11) (12,12) (13,10) (13,14)

[0mPOST /move [32m200 [0m0.687 ms - 2[0m
[0mPOST /end [32m200 [0m0.355 ms - 2[0m
